#Defining my own basis in the CP2K format for checking XAS TDP

# For Lestrange et.al. 2015
# def2-TZVPD
O def2-TZVPD
  14
1 0 0 6 1
  27032.3826310              0.21726302465E-03      
   4052.3871392              0.16838662199E-02      
    922.32722710             0.87395616265E-02      
    261.24070989             0.35239968808E-01      
     85.354641351            0.11153519115    
     31.035035245            0.25588953961    
1 0 0 2 1
     12.260860728            0.39768730901    
      4.9987076005           0.24627849430    
1 0 0 1 1
      1.1703108158           1.0000000        
1 0 0 1 1
      0.46474740994          1.0000000        
1 0 0 1 1
      0.18504536357          1.0000000        
1 0 0 1 1
      0.70288026270E-01            1.0000000        
1 1 1 4 1
     63.274954801            0.60685103418E-02      
     14.627049379            0.41912575824E-01      
      4.4501223456           0.16153841088    
      1.5275799647           0.35706951311    
1 1 1 1 1
      0.52935117943          1.0000000        
1 1 1 1 1
      0.17478421270          1.0000000        
1 1 1 1 1
      0.51112745706E-01            1.0000000        
1 2 2 1 1
      2.3140000000           1.0000000        
1 2 2 1 1
      0.64500000000          1.0000000        
1 2 2 1 1
      0.14696477366          1.0000000        
1 3 3 1 1
      1.4280000000           1.0000000        

C def2-TZVPD
   13
1 0 0 6 1
  13575.3496820              0.22245814352E-03      
   2035.2333680              0.17232738252E-02      
    463.22562359             0.89255715314E-02      
    131.20019598             0.35727984502E-01      
     42.853015891            0.11076259931    
     15.584185766            0.24295627626    
1 0 0 2 1
      6.2067138508           0.41440263448    
      2.5764896527           0.23744968655    
1 0 0 1 1
      0.57696339419          1.0000000        
1 0 0 1 1
      0.22972831358          1.0000000        
1 0 0 1 1
      0.95164440028E-01            1.0000000        
1 0 0 1 1
      0.48475401370E-01            1.0000000        
1 1 1 4 1
     34.697232244            0.53333657805E-02      
      7.9582622826           0.35864109092E-01      
      2.3780826883           0.14215873329    
      0.81433208183          0.34270471845    
1 1 1 1 1
      0.28887547253          1.0000000        
1 1 1 1 1
      0.10056823671          1.0000000        
1 2 2 1 1
      1.0970000000           1.0000000        
1 2 2 1 1
      0.31800000000          1.0000000        
1 2 2 1 1
      0.90985336424E-01            1.0000000        
1 3 3 1 1
      0.76100000000          1.0000000        

N def2-TZVPD
   13
1 0 0 6 1
  19730.8006470              0.21887984991E-03      
   2957.8958745              0.16960708803E-02      
    673.22133595             0.87954603538E-02      
    190.68249494             0.35359382605E-01      
     62.295441898            0.11095789217    
     22.654161182            0.24982972552    
1 0 0 2 1
      8.9791477428           0.40623896148    
      3.6863002370           0.24338217176    
1 0 0 1 1
      0.84660076805          1.0000000        
1 0 0 1 1
      0.33647133771          1.0000000        
1 0 0 1 1
      0.13647653675          1.0000000        
1 0 0 1 1
      0.68441605847E-01            1.0000000        
1 1 1 4 1
     49.200380510            0.55552416751E-02      
     11.346790537            0.38052379723E-01      
      3.4273972411           0.14953671029    
      1.1785525134           0.34949305230    
1 1 1 1 1 
      0.41642204972          0.45843153697
1 1 1 1 1
      0.14260826011          0.24428771672    
1 2 2 1 1
      1.6540000000           1.0000000        
1 2 2 1 1
      0.46900000000          1.0000000        
1 2 2 1 1
      0.12829642058          1.0000000        
1 3 3 1 1
      1.0930000000           1.0000000        

H def2-TZVPD
   5
1 0 0 3 1
     34.061341000            0.60251978000E-02      
      5.1235746000           0.45021094000E-01      
      1.1646626000           0.20189726000    
1 0 0 1 1
      0.32723041000          1.0000000        
1 0 0 1 1
      0.10307241000          1.0000000        
1 0 0 1 1
      0.80000000000          1.0000000        
1 1 1 1 1
      0.95774129632E-01            1.0000000        
#d-aug-cc-pVTZ
O d-aug-cc-pVTZ
   17
1 0 0 8 2
  15330.0000000              0.0005080             -0.0001150
   2299.0000000              0.0039290             -0.0008950
    522.4000000              0.0202430             -0.0046360 
    147.3000000              0.0791810             -0.0187240 
     47.5500000              0.2306870             -0.0584630 
     16.7600000              0.4331180             -0.1364630 
      6.2070000              0.3502600             -0.1757400 
      0.6882000             -0.0081540              0.6034180 
1 0 0 1 1
      1.7520000              1.0000000        
1 0 0 1 1
      0.2384000              1.0000000        
1 0 0 1 1
      0.0737600              1.0000000        
1 0 0 1 1
      0.0228000              1.0000000        
1 1 1 3 1
     34.4600000              0.0159280        
      7.7490000              0.0997400        
      2.2800000              0.3104920        
1 1 1 1 1
      0.7156000              1.0000000        
1 1 1 1 1
      0.2140000              1.0000000        
1 1 1 1 1
      0.0597400              1.0000000        
1 1 1 1 1 
      0.0167000              1.0000000        
1 2 2 1 1 
      2.3140000              1.0000000        
1 2 2 1 1
      0.6450000              1.0000000        
1 2 2 1 1
      0.2140000              1.0000000        
1 2 2 1 1
      0.0710000              1.0000000        
1 3 3 1 1 
      1.4280000              1.0000000        
1 3 3 1 1 
      0.5000000              1.0000000        
1 3 3 1 1
      0.1750000              1.0000000        

N d-aug-cc-pVTZ
   17
1 0 0 8 2
  11420.0000000              0.0005230             -0.0001150       
   1712.0000000              0.0040450             -0.0008950 
    389.3000000              0.0207750             -0.0046240 
    110.0000000              0.0807270             -0.0185280 
     35.5700000              0.2330740             -0.0573390 
     12.5400000              0.4335010             -0.1320760 
      4.6440000              0.3474720             -0.1725100 
      0.5118000             -0.0085080              0.5999440 
1 0 0 1 1
      1.2930000              1.0000000        
1 0 0 1 1
      0.1787000              1.0000000        
1 0 0 1 1
      0.0576000              1.0000000        
1 0 0 1 1 
      0.0186000              1.0000000        
1 1 1 3 1
     26.6300000              0.0146700        
      5.9480000              0.0917640        
      1.7420000              0.2986830        
1 1 1 1 1
      0.5550000              1.0000000        
1 1 1 1 1
      0.1725000              1.0000000        
1 1 1 1 1
      0.0491000              1.0000000        
1 1 1 1 1
      0.0140000              1.0000000        
1 2 2 1 1
      1.6540000              1.0000000        
1 2 2 1 1 
      0.4690000              1.0000000        
1 2 2 1 1
      0.1510000              1.0000000        
1 2 2 1 1
      0.0486000              1.0000000        
1 3 3 1 1
      1.0930000              1.0000000        
1 3 3 1 1
      0.3640000              1.0000000        
1 3 3 1 1
      0.1210000              1.0000000        

C d-aug-cc-pVTZ
   17
1 0 0 8 2
   8236.0000000              0.0005310             -0.0001130 
   1235.0000000              0.0041080             -0.0008780 
    280.8000000              0.0210870             -0.0045400 
     79.2700000              0.0818530             -0.0181330 
     25.5900000              0.2348170             -0.0557600 
      8.9970000              0.4344010             -0.1268950 
      3.3190000              0.3461290             -0.1703520 
      0.3643000             -0.0089830              0.5986840 
1 0 0 1 1
      0.9059000              1.0000000        
1 0 0 1 1
      0.1285000              1.0000000        
1 0 0 1 1
      0.0440200              1.0000000        
1 0 0 1 1
      0.0151000              1.0000000        
1 1 1 3 1
     18.7100000              0.0140310        
      4.1330000              0.0868660        
      1.2000000              0.2902160        
1 1 1 1 1 
      0.3827000              1.0000000        
1 1 1 1 1
      0.1209000              1.0000000        
1 1 1 1 1
      0.0356900              1.0000000        
1 1 1 1 1
      0.0105000              1.0000000        
1 2 2 1 1 
      1.0970000              1.0000000        
1 2 2 1 1
      0.3180000              1.0000000        
1 2 2 1 1
      0.1000000              1.0000000        
1 2 2 1 1
      0.0314000              1.0000000        
1 3 3 1 1
      0.7610000              1.0000000        
1 3 3 1 1
      0.2680000              1.0000000        
1 3 3 1 1
      0.0944000              1.0000000        

H d-aug-cc-pVTZ
   12
1 0 0 3 1
     33.8700000              0.0060680        
      5.0950000              0.0453080        
      1.1590000              0.2028220        
1 0 0 1 1
      0.3258000              1.0000000        
1 0 0 1 1
      0.1027000              1.0000000        
1 0 0 1 1
      0.0252600              1.0000000        
1 0 0 1 1
      0.0062100              1.0000000        
1 1 1 1 1
      1.4070000              1.0000000        
1 1 1 1 1
      0.3880000              1.0000000        
1 1 1 1 1
      0.1020000              1.0000000        
1 1 1 1 1
      0.0268000              1.0000000        
1 2 2 1 1
      1.0570000              1.0000000        
1 2 2 1 1
      0.2470000              1.0000000        
1 2 2 1 1
      0.0577000              1.0000000        

# def2-TZVP
O def2-TZVP
   11
1 0 0 6 1
  27032.3826310              0.21726302465E-03      
   4052.3871392              0.16838662199E-02      
    922.32722710             0.87395616265E-02      
    261.24070989             0.35239968808E-01      
     85.354641351            0.11153519115    
     31.035035245            0.25588953961    
1 0 0 2 1
     12.260860728            0.39768730901    
      4.9987076005           0.24627849430    
1 0 0 1 1 
      1.1703108158           1.0000000        
1 0 0 1 1 
      0.46474740994          1.0000000        
1 0 0 1 1 
      0.18504536357          1.0000000        
1 1 1 4 1
     63.274954801            0.60685103418E-02      
     14.627049379            0.41912575824E-01      
      4.4501223456           0.16153841088    
      1.5275799647           0.35706951311    
1 1 1 1 1
      0.52935117943          1.0000000        
1 1 1 1 1
      0.17478421270          1.0000000        
1 2 2 1 1
      2.31400000             1.0000000        
1 2 2 1 1
      0.64500000             1.0000000        
1 3 3 1 1
      1.42800000             1.0000000        

N def2-TZVP
   11
1 0 0 6 1
  19730.8006470              0.21887984991E-03      
   2957.8958745              0.16960708803E-02      
    673.22133595             0.87954603538E-02      
    190.68249494             0.35359382605E-01      
     62.295441898            0.11095789217    
     22.654161182            0.24982972552    
1 0 0 2 1
      8.9791477428           0.40623896148    
      3.6863002370           0.24338217176    
1 0 0 1 1
      0.84660076805          1.0000000        
1 0 0 1 1
      0.33647133771          1.0000000        
1 0 0 1 1
      0.13647653675          1.0000000        
1 1 1 4 1
     49.200380510            0.55552416751E-02      
     11.346790537            0.38052379723E-01      
      3.4273972411           0.14953671029    
      1.1785525134           0.34949305230    
1 1 1 1 1
      0.41642204972          1.0000000        
1 1 1 1 1
      0.14260826011          1.0000000        
1 2 2 1 1
      1.65400000             1.0000000        
1 2 2 1 1
      0.46900000             1.0000000        
1 3 3 1 1
      1.09300000             1.0000000        

C def2-TZVP
   11
1 0 0 6 1
  13575.3496820              0.22245814352E-03      
   2035.2333680              0.17232738252E-02      
    463.22562359             0.89255715314E-02      
    131.20019598             0.35727984502E-01      
     42.853015891            0.11076259931    
     15.584185766            0.24295627626    
1 0 0 2 1
      6.2067138508           0.41440263448    
      2.5764896527           0.23744968655    
1 0 0 1 1
      0.57696339419          1.0000000        
1 0 0 1 1
      0.22972831358          1.0000000        
1 0 0 1 1
      0.95164440028E-01            1.0000000        
1 1 1 4 1
     34.697232244            0.53333657805E-02      
      7.9582622826           0.35864109092E-01      
      2.3780826883           0.14215873329    
      0.81433208183          0.34270471845    
1 1 1 1 1
      0.28887547253          1.0000000        
1 1 1 1 1
      0.10056823671          1.0000000        
1 2 2 1 1
      1.09700000             1.0000000        
1 2 2 1 1
      0.31800000             1.0000000        
1 3 3 1 1
      0.76100000             1.0000000        

H def2-TZVP
   4
1 0 0 3 1
     34.0613410              0.60251978E-02   
      5.1235746              0.45021094E-01   
      1.1646626              0.20189726       
1 0 0 1 1
      0.32723041             1.0000000        
1 0 0 1 1
      0.10307241             1.0000000        
1 1 1 1 1
      0.8000000              1.0000000        

#For Besley 2009
#6-31+G* basis set
H 6-31+G*
   2
1 0 0 3 1
   18.7311370              0.03349460
   2.8253937              0.23472695
   0.6401217              0.81375733
1 0 0 1 1
   0.1612778              1.0000000

C 6-31+G*
  5
1 0 0 6 1
   3047.5249000              0.0018347        
    457.3695100              0.0140373        
    103.9486900              0.0688426        
     29.2101550              0.2321844        
      9.2866630              0.4679413        
      3.1639270              0.3623120        
1 0 1 3 1 1
      7.8682724             -0.1193324              0.0689991        
      1.8812885             -0.1608542              0.3164240        
      0.5442493              1.1434564              0.7443083        
1 0 1 1 1 1
      0.1687144              1.0000000              1.0000000        
1 0 1 1 1 1
      0.0438000              1.0000000              1.0000000        
1 2 2 1 1
      0.8000000              1.0000000        

O 6-31+G*
   5
1 0 0 6 1
   5484.6717000              0.0018311        
    825.2349500              0.0139501        
    188.0469600              0.0684451        
     52.9645000              0.2327143        
     16.8975700              0.4701930        
      5.7996353              0.3585209        
1 0 1 3 1 1
     15.5396160             -0.1107775              0.0708743        
      3.5999336             -0.1480263              0.3397528        
      1.0137618              1.1307670              0.7271586        
1 0 1 1 1 1
      0.2700058              1.0000000              1.0000000        
1 0 1 1 1 1
      0.0845000              1.0000000              1.0000000        
1 2 2 1 1
      0.8000000              1.0000000        

F 6-31+G*
   5
1 0 0 6 1
   7001.7130900              0.0018196169     
   1051.3660900              0.0139160796     
    239.2856900              0.0684053245     
     67.3974453              0.233185760      
     21.5199573              0.471267439      
      7.40310130             0.356618546      
1 0 1 3 1 1
     20.8479528             -0.108506975            0.0716287243     
      4.80830834            -0.146451658            0.3459121030     
      1.34406986             1.128688580            0.7224699570     
1 0 1 1 1 1
      0.358151393            1.0000000              1.0000000        
1 0 1 1 1 1
      0.1076000              1.0000000              1.0000000        
1 2 2 1 1
      0.8000000              1.0000000        

Si 6-31+G*
   6
1 0 0 6 1
16115.9000000              0.00195948       
 2425.5800000              0.01492880       
  553.8670000              0.07284780       
  156.3400000              0.24613000       
   50.0683000              0.48591400       
   17.0178000              0.32500200       
1 0 1 6 1 1
  292.7180000             -0.00278094             0.00443826       
   69.8731000             -0.03571460             0.03266790       
   22.3363000             -0.11498500             0.13472100       
    8.1503900              0.09356340             0.32867800       
    3.1345800              0.60301700             0.44964000       
    1.2254300              0.41895900             0.26137200       
1 0 1 3 1 1
    1.7273800             -0.24463000            -0.01779510       
    0.5729220              0.00431572             0.25353900       
    0.2221920              1.09818000             0.80066900       
1 0 1 1 1 1
    0.0778369              1.00000000             1.00000000       
1 0 1 1 1 1
    0.0331000              1.0000000              1.0000000        
1 2 2 1 1
    0.4500000              1.0000000        
